168.39  
123.82  
855.22
1,654.73
29.79 
435.54  
2,318.15
1,554.52
192.26  
35.83   
1,187.32
491.33  
723.08  
791.63  
124.38  
166.84  
365.78  
2,169.90
832.27  
8.67    
2.56    
1,506.05
2,968.32
654.50  
2,599.94
6.79    
2,640.84
82.44   
49.00   
698.73  
530.34  
10.29   
1,845.06
2,354.84
165.46  
31.46   
978.78  
2,023.44
243.69  
468.75  
2,832.10
11.24   
438.82  
155.66  
0.00
361.80  
1,768.23
158.49  
403.31  
84.83   
959.86  
671.29  
1,516.70
1,664.19
263.60  
177.35  
1,658.58
71.97   
85.25   
1,462.39
1,092.56
25.94   
1,250.15
8.85    
566.52  
16.30   
37.71   
684.52  
47.22   
1,284.14
778.50  
28.07   
3,116.62
87.37   
304.54  
340.56  
1,065.88
453.07  
1,010.46
696.70  
2,121.39
400.21  
120.52  
976.92  
477.86  
71.49
1,273.21
535.98  
350.77  
0.95    
1,369.09
1,167.95
173.22  
28.57   
1,516.18
1,641.35
43.26   
261.53  
1,294.87
83.22   
275.32  
406.53  
25.51   
819.61  
117.69  
14.92   
1,849.39
1,554.41
835.02  
244.80  
2,595.33
262.02  
44.59   
170.31  
1,176.50
332.17  
1,054.79
5.08    
29.09   
7.76    
10.17   
1,548.24
2,637.49
146.19  
31.95   
730.18  
104.00  
689.87  
1,557.20
21.05   
2,075.03
5,885.98
251.15  
1,991.19
1,707.43
205.08  
1,792.21
1,068.81
60.86   
56.03   
482.64
107.85
2,646.28
165.65  
233.07  
78.68   
1,035.28
798.71  
14.74   
6.79    
2,296.40
2,130.64
49.57   
1,199.38
2,509.54
40.89   
10.46   
1,743.19
206.35  
61.81   
1,096.66
1,442.40
1,238.37
104.73  
32.99   
12.51   
69.43   
19.35   
17.93
762.45  
1,649.33
603.60  
57.08   
1,278.12
195.07  
1,905.21
1,841.16
700.31  
1,711.26
25.75   
3.18  
125.10
13.30 
535.92
45.10 
179.12
234.03