1.32
1.52
4.93
18.80
0.95
7.54
39.58
2.18
22.33
17.37
7.57
7.70
3.78
3.03
2.52
8.15
5.02
10.07
20.04
0.23
3.34
10.65
5.60
4.61
29.70
23.93
0.41
14.87
0.84
12.37
21.91
0.09
6.63
10.96
4.90
1.18
33.51
5.26
12.07
9.08
7.54
0.09
17.34
0.37
1.71
12.12
42.21
1.98
20.47
3.60
5.62
0.94
9.40
10.18
38.09
31.72
15.37
0.81
0.77
4.18
9.54
1.45
5.21
4.61
8.16
1.65
1.13
14.18
0.06
11.79
13.10
10.48
1.96
4.27
18.52
9.66
6.26
0.81
10.86
4.41
11.45
1.90
10.63
7.44
8.63
0.73
7.66
12.22
5.09
2.60
2.76
4.14
0.79
1.49
4.65
6.15
0.90
10.68
56.37
1.61
22.28
10.02
0.45
3.37
3.42
8.76
16.23
1.37
10.87
5.85
3.56
9.39
0.17
0.57
4.45
7.39
17.07
8.50
1.34
0.77
0.54
10.53
5.93
32.62
12.62
23.25
8.06
6.90
29.40
0.73
26.85
8.40
3.32
2.28
10.53
11.14
0.68
7.77
1.29
7.66
4.07
5.22
-0.33
9.06
30.29
2.17
1.97
4.38
0.82
16.80
5.25
5.00
0.46
5.14
24.05
23.99
0.42
10.52
34.89
0.99
21.67
22.16
4.02
0.62
30.71
4.97
14.18
14.12
1.82
13.84
6.17
16.06
1.13
3.56
8.31
12.45
7.91
31.99
9.75
7.79
7.55
6.27
5.06
16.62
0.94
0.71
5.80