1.87
3.17
23.33
62.63
2.82
38.64
54.74
3.66
28.36
32.60
58.85
28.17
15.57
63.39
5.12
34.65
14.13
69.46
32.69
0.35
62.35
24.29
11.90
9.92
49.09
30.54
14.91
43.10
1.03
71.10
25.14
0.13
72.01
34.72
9.54
2.35
50.07
40.34
35.53
59.25
52.88
0.09
72.08
1.25
28.95
50.61
55.98
3.55
43.29
12.36
48.18
3.27
49.13
59.31
48.86
66.46
63.23
2.32
1.26
8.14
61.57
2.73
55.02
18.98
10.00
4.16
1.19
31.72
0.06
56.63
15.03
42.73
58.31
78.37
25.82
17.09
9.11
2.01
67.34
62.40
63.84
6.01
40.65
29.11
28.27
1.92
15.86
33.55
6.85
15.99
39.41
16.45
1.70
1.54
54.26
52.60
1.18
16.10
62.33
2.31
43.06
59.36
0.70
77.44
3.74
49.79
35.98
13.64
59.59
65.32
28.05
36.50
1.16
3.36
6.35
13.27
70.55
23.03
3.77
0.89
1.20
48.52
24.68
66.08
24.12
29.69
10.36
11.33
45.28
0.82
31.55
24.50
10.38
48.50
69.48
70.07
26.11
25.10
3.19
44.58
17.51
14.13
64.00
14.37
53.16
3.72
41.27
73.69
1.01
78.99
41.67
45.42
0.99
9.86
43.96
38.08
0.46
68.14
44.82
1.40
31.48
62.13
54.16
0.67
32.31
5.38
19.73
20.58
3.59
27.71
14.24
48.23
1.14
8.22
78.10
68.64
57.56
39.67
73.81
10.81
7.59
10.10
5.69
28.31
0.98
1.50
10.96