0.55
1.65
18.40
43.83
1.87
31.10
15.16
1.48
6.03
15.23
51.28
20.47
11.79
60.36
2.60
26.50
9.11
59.39
12.65
0.12
59.01
13.64
6.30
5.31
19.39
6.61
14.50
28.23
0.19
58.73
3.23
0.04
65.38
23.76
4.64
1.17
16.56
35.08
23.46
50.17
45.34
0.00
54.74
0.88
27.24
38.49
13.77
1.57
22.82
8.76
42.56
2.33
39.73
49.13
10.77
34.74
47.86
1.51
0.49
3.96
52.03
1.28
49.81
14.37
1.84
2.51
0.06
17.54
0.00
44.84
1.93
32.25
56.35
74.10
7.30
7.43
2.85
1.20
56.48
57.99
52.39
4.11
30.02
21.67
19.64
1.19
8.20
21.33
1.76
13.39
36.65
12.31
0.91
0.05
49.61
46.45
0.28
5.42
5.96
0.70
20.78
49.34
0.25
74.07
0.32
41.03
19.75
12.27
48.72
59.47
24.49
27.11
0.99
2.79
1.90
5.88
53.48
14.53
2.43
0.12
0.66
37.99
18.75
33.46
11.50
6.44
2.30
4.43
15.88
0.09
4.70
16.10
7.06
46.22
58.95
58.93
25.43
17.33
1.90
36.92
13.44
8.91
64.33
5.31
22.87
1.55
39.30
69.31
0.19
62.19
36.42
40.42
0.53
4.72
19.91
14.09
0.04
57.62
9.93
0.41
9.81
39.97
50.14
0.05
1.60
0.41
5.55
6.46
1.77
13.87
8.07
32.17
0.01
4.66
69.79
56.19
49.65
7.68
64.06
3.02
0.04
3.83
0.63
11.69
0.04
0.79
5.16